[[ 0.    0.77  0.53  0.52  0.99  0.81  0.81  0.77  0.51  0.99]
 [ 0.77  0.    0.86  1.    1.    1.    1.    1.    1.    1.  ]
 [ 0.53  0.86  0.    0.57  0.91  0.89  0.69  0.86  0.63  0.91]
 [ 0.52  1.    0.57 -0.    0.85  0.88  0.93  0.85  0.59  0.85]
 [ 0.99  1.    0.91  0.85  0.    0.88  1.    0.95  0.99  0.  ]
 [ 0.81  1.    0.89  0.88  0.88 -0.    0.87  0.59  0.91  0.88]
 [ 0.81  1.    0.69  0.93  1.    0.87  0.    0.84  0.78  1.  ]
 [ 0.77  1.    0.86  0.85  0.95  0.59  0.84  0.    0.89  0.95]
 [ 0.51  1.    0.63  0.59  0.99  0.91  0.78  0.89  0.    0.99]
 [ 0.99  1.    0.91  0.85  0.    0.88  1.    0.95  0.99  0.  ]]
 
 [[ 0.    6.    5.9   8.4  15.7   6.1   6.9   6.    6.2  15.7]
 [  6.    0.    5.2   9.5  14.6   2.2   4.6   2.    6.4  14.6]
 [  5.9   5.2   0.    8.6  14.9   5.3   5.7   5.2   6.5  14.9]
 [  8.4   9.5   8.6   0.   16.    9.4  10.1   9.3   8.9  16. ]
 [ 15.7  14.6  14.9  16.    0.   14.4  15.1  14.5  15.7   0. ]
 [  6.1   2.2   5.3   9.4  14.4   0.    4.5   1.7   6.3  14.4]
 [  6.9   4.6   5.7  10.1  15.1   4.5   0.    4.4   6.8  15.1]
 [  6.    2.    5.2   9.3  14.5   1.7   4.4   0.    6.2  14.5]
 [  6.2   6.4   6.5   8.9  15.7   6.3   6.8   6.2   0.   15.7]
 [ 15.7  14.6  14.9  16.    0.   14.4  15.1  14.5  15.7   0. ]]
 
 
